0 9203.18 110.737 398.167 3.29279
1 9165.15 99.5645 235.879 2.31235
2 9165.62 108.824 213.439 2.40748
3 9244.44 104.73 151.262 2.74118
4 9178.22 100.505 107.713 3.11153
5 9223.4 112.814 96.8367 4.76899
6 9269.81 110.869 66.4062 4.58025
7 9217.31 110.057 42.0257 5.16083
8 9407.98 130.073 32.6904 3.49701
9 9349.64 85.6907 19.0359 6.94629
10 9368.4 112.642 16.5633 9.7017
11 9284.88 -0.869864 314.265 0.230625
12 9317.67 -122.946 5.41776 10.5365
13 8974.08 -700.461 4.14962 1.58938
14 9436.79 -111.61 1.03063 675511
15 6694.95 100.779 240.912 0
16 8934.45 102.028 395.282 2.22992
17 9059.84 103.097 277.378 2.76899
18 9072.04 104.14 201.483 3.33285
19 9159.37 105.579 149.543 4.32247
20 9065.67 110.453 121.54 3.74996
21 9099.52 104.537 81.0023 4.52814
22 9118.3 91.9472 49.5902 6.14266
23 9029.02 96.8609 37.2924 6.99061
24 9237.89 95.5432 26.4287 9.38433
25 9273.63 -98.0855 16.554 18.9645
26 9305.04 -117.882 15.0537 1.09019
27 9251.23 -84.1554 9.91367 18.0279
28 8912.41 -0.0264707 147.588 0.025911
29 9334.66 -61.7345 3.47753 10.5753
30 9238.81 -722177 1.36786 3.53284
31 7963 -210.822 -79.3753 0
32 9285.26 -2.21011 386.942 0.628214
33 8876.7 -10405.8 1.33687 1.99472
34 9290.14 0.785282 132.373 0.371554
35 9166.54 0.260692 1099.99 0.00155918
36 9374.41 -0.0398311 133.686 0
37 9293.31 0.319634 198.947 0.237411
38 9322.15 -144.84 16.0359 5.12718
39 9196.52 96.882 18.9037 12.7284
40 9220.79 87.1072 22.5752 9.37815
41 9137.63 114.132 40.8677 9.07467
42 9322.96 127.916 73.5918 7.91518
43 9286.64 116.401 84.5364 4.62307
44 9174.58 117.311 123.21 3.77538
45 9073.93 118.207 153.818 4.01618
46 9231 122.993 208.491 3.26252
47 9134.99 125.147 268.394 4.57495
48 7142.12 190.524 145.113 1.41421
49 7247.92 190.524 145.113 0
50 8676.43 -404.412 -14.4366 3.89243
51 9421.54 -2129.35 0.719132 0
52 9473.67 -83.0545 5.20836 0
53 9455.77 -135.15 10.1565 7.41785
54 9323.92 -132.426 16.1344 0
55 9338.71 -140.069 23.2309 nan
56 9544.31 0.566679 1018.34 0
57 9164.32 -0.479998 3948.27 0.0590312
58 9291.86 104.168 47.8508 5.57271
59 9224.52 118.273 82.2861 5.44785
60 9253.52 126.674 113.684 4.02989
61 9148.85 122.329 158.781 3.57221
62 9182.09 114.776 192.71 2.8256
63 9027.32 111.647 248.968 4.0473
