0 195.019 6972.73 193.385 94534.6
1 234.865 6931.48 186.658 109889
2 -379.665 7398.39 -112.687 107242
3 -244.807 6385.91 171.629 -105318
4 741.012 7125.18 168.137 312306
5 641.663 7117.03 172.05 276727
6 535.653 7067.17 182.228 244675
7 497.551 7087.95 181.274 226081
8 510.634 7159.05 179.9 230266
9 576.719 7052.58 179.076 258875
10 698.329 7098.77 169.006 295838
11 3838.9 7275.68 101.639 978042
12 733.071 6999.47 197.998 363828
13 444.322 6928.85 169.924 189253
14 279.92 6894.79 190.903 133948
15 -580.947 7842.53 497.609 -724626
