run number        1        2        3        4        5         Δ5%        Δ10%
       959   -0.091   -0.073   -0.117   -0.097     3.27                        
       962   -0.092   -0.074   -0.118   -0.098     3.35                        
       963   -0.092   -0.074   -0.118   -0.098     3.36                        
       964   -0.092   -0.073   -0.118   -0.097     3.35                        
       965   -0.092   -0.074   -0.118   -0.097     3.40                        
       966   -0.093   -0.074   -0.119   -0.098     3.40                        
       967   -0.092   -0.074   -0.118   -0.098     3.40                        
       968   -0.092   -0.074   -0.118   -0.097     3.38                        
       969   -0.092   -0.074   -0.118   -0.097     3.38                        
       970   -0.091   -0.073   -0.117   -0.097     3.44                        
       971   -0.091   -0.073   -0.117   -0.097     3.40                  +3.98%
       972   -0.091   -0.073   -0.117   -0.097     3.34                        
       973   -0.091   -0.073   -0.117   -0.097     3.44                        
       974   -0.091   -0.072   -0.117   -0.096     3.43                        
       975   -0.092   -0.073   -0.118   -0.097     3.49                        
       976   -0.091   -0.073   -0.118   -0.097     3.53                        
       978   -0.091   -0.073   -0.118   -0.097     3.43                        
       979   -0.091   -0.073   -0.118   -0.097     3.49                        
       980   -0.092   -0.073   -0.118   -0.097     3.55                        
       981   -0.092   -0.073   -0.118   -0.097     3.55                        
       984   -0.093   -0.074   -0.119   -0.098     3.58                  +5.29%
       985   -0.093   -0.074   -0.119   -0.098     3.58                        
       986   -0.093   -0.074   -0.119   -0.098     3.58                        
       987   -0.093   -0.074   -0.120   -0.098     3.63                        
       988   -0.093   -0.073   -0.120   -0.098     3.67                        
       989   -0.093   -0.074   -0.120   -0.098     3.73                        
       990   -0.094   -0.074   -0.121   -0.099     3.73                        
       991   -0.094   -0.075   -0.121   -0.098     3.64                        
       992   -0.094   -0.075   -0.121   -0.099     3.73                        
       993   -0.094   -0.075   -0.121   -0.099     3.73                        
       994   -0.093   -0.074   -0.120   -0.097     3.64                  +1.68%
       995   -0.094   -0.075   -0.121   -0.099     3.73                        
       996   -0.094   -0.075   -0.122   -0.099     3.79                        
       997   -0.094   -0.074   -0.121   -0.099     3.80                        
       998   -0.094   -0.075   -0.121   -0.099     3.80                        
       999   -0.094   -0.074   -0.122   -0.099     3.80                        
      1000   -0.094   -0.074   -0.122   -0.099     3.80                        
      1000   -0.094   -0.074   -0.122   -0.099     3.80                        
      1004   -0.094   -0.074   -0.122   -0.099     3.80                        
      1009   -0.094   -0.074   -0.122   -0.099     2.02     -46.84%            
      1010   -0.095   -0.075   -0.124   -0.101     2.05                 -43.68%
      1011   -0.095   -0.075   -0.124   -0.101     2.04                        
      1012   -0.096   -0.076   -0.125   -0.102     2.16      +5.88%            
      1013   -0.096   -0.076   -0.126   -0.103     2.19                        
      1014   -0.098   -0.078   -0.127   -0.104     2.26                        
      1015   -0.097   -0.077   -0.126   -0.102     2.25                        
      1016   -0.097   -0.076   -0.126   -0.103     2.27                        
      1017   -0.097   -0.077   -0.127   -0.103     2.28                        
      1019   -0.098   -0.077   -0.127   -0.103     2.30                        
      1020   -0.097   -0.077   -0.127   -0.103     2.29                        
      1021   -0.098   -0.077   -0.127   -0.103     2.33                 +13.66%
      1022   -0.098   -0.078   -0.127   -0.104     2.26                        
      1023   -0.099   -0.078   -0.128   -0.104     2.37                        
      1024   -0.098   -0.077   -0.128   -0.104     2.35                        
      1025   -0.096   -0.076   -0.126   -0.102     2.31                        
      1026   -0.096   -0.076   -0.126   -0.102     2.32                        
      1027   -0.096   -0.076   -0.126   -0.102     2.32                        
      1028   -0.096   -0.076   -0.126   -0.102     2.32                        
      1029   -0.096   -0.076   -0.126   -0.102     2.32                        
      1030   -0.096   -0.076   -0.126   -0.102     2.32                        
      1031   -0.096   -0.076   -0.126   -0.102     2.32                  -0.43%
      1032   -0.096   -0.076   -0.126   -0.102     2.32                        
      1033   -0.096   -0.076   -0.126   -0.102     2.32                        
      1035   -0.096   -0.076   -0.126   -0.102     2.32                        
      1036   -0.100   -0.078   -0.129   -0.106     2.44      +5.17%            
      1037   -0.100   -0.078   -0.129   -0.106     2.44                        
      1039   -0.099   -0.078   -0.129   -0.104     2.41                        
      1040   -0.099   -0.078   -0.129   -0.104     2.41                        
      1041   -0.101   -0.079   -0.131   -0.106     2.45                        
      1042   -0.098   -0.077   -0.128   -0.104     2.48                        
      1043   -0.099   -0.078   -0.129   -0.105     2.43                  +4.74%
      1044   -0.099   -0.077   -0.129   -0.105     2.45                        
      1045   -0.099   -0.078   -0.129   -0.105     2.43                        
      1046   -0.099   -0.078   -0.129   -0.105     2.42                        
      1047   -0.098   -0.077   -0.128   -0.104     2.41                        
      1048   -0.100   -0.079   -0.130   -0.105     2.45                        
      1049   -0.100   -0.078   -0.129   -0.105     2.44                        
      1050   -0.099   -0.078   -0.129   -0.104     2.43                        
      1051   -0.099   -0.078   -0.128   -0.104     2.45                        
      1052   -0.099   -0.078   -0.128   -0.104     2.45                        
      1053   -0.100   -0.078   -0.130   -0.104     2.47                  +1.65%
      1054   -0.100   -0.078   -0.130   -0.104     2.47                        
      1055   -0.100   -0.079   -0.130   -0.105     2.47                        
      1056   -0.100   -0.079   -0.130   -0.106     2.50                        
      1058   -0.098   -0.077   -0.129   -0.103     2.94     +17.60%            
      1059   -0.100   -0.079   -0.129   -0.105     2.42     -17.69%            
      1060   -0.100   -0.079   -0.129   -0.105     2.42                        
      1061   -0.100   -0.079   -0.129   -0.105     2.42                        
      1062   -0.100   -0.079   -0.129   -0.105     2.42                        
      1063   -0.100   -0.079   -0.129   -0.105     2.44                        
      1064   -0.100   -0.080   -0.130   -0.105     2.47                  +0.00%
      1065   -0.100   -0.080   -0.130   -0.105     2.43                        
      1066   -0.100   -0.080   -0.130   -0.105     2.43                        
      1067   -0.100   -0.079   -0.132   -0.106     2.47                        
      1068   -0.100   -0.079   -0.132   -0.105     2.47                        
      1069   -0.100   -0.079   -0.132   -0.105     2.48                        
      1070   -0.100   -0.079   -0.132   -0.106     2.50                        
      1071   -0.100   -0.079   -0.132   -0.106     2.49                        
      1072   -0.099   -0.078   -0.131   -0.104     2.46                        
      1073   -0.099   -0.078   -0.131   -0.105     2.52                        
      1075   -0.099   -0.079   -0.132   -0.105     2.54                  +2.83%
      1076   -0.099   -0.078   -0.131   -0.105     2.53                        
      1077   -0.100   -0.079   -0.132   -0.106     2.54                        
      1078   -0.100   -0.079   -0.133   -0.106     2.57                        
      1079   -0.099   -0.079   -0.132   -0.105     2.55                        
      1080   -0.100   -0.079   -0.132   -0.105     2.54                        
      1081   -0.100   -0.079   -0.133   -0.107     2.56                        
      1082   -0.100   -0.080   -0.133   -0.106     2.56                        
      1083   -0.100   -0.080   -0.134   -0.107     2.60                        
      1084   -0.100   -0.082   -0.136   -0.108     2.63                        
      1085   -0.100   -0.082   -0.137   -0.109     2.66                  +4.72%
      1086   -0.100   -0.082   -0.137   -0.109     2.66                        
      1087   -0.100   -0.083   -0.138   -0.110     2.69                        
      1088   -0.100   -0.083   -0.139   -0.111     2.71                        
      1089   -0.100   -0.083   -0.139   -0.111     2.71                        
      1090   -0.100   -0.083   -0.139   -0.111     2.71                        
      1091   -0.101   -0.080   -0.134   -0.107     2.65                        
      1092   -0.100   -0.083   -0.139   -0.111     2.67                        
      1093   -0.100   -0.083   -0.139   -0.111     2.67                        
      1094   -0.100   -0.083   -0.139   -0.111     2.66                        
      1095   -0.102   -0.081   -0.136   -0.108     2.66                  +0.00%
      1096   -0.101   -0.080   -0.135   -0.107     2.65                        
      1097   -0.101   -0.080   -0.135   -0.107     2.65                        
      1098   -0.102   -0.081   -0.136   -0.109     2.65                        
      1099   -0.101   -0.080   -0.135   -0.108     2.66                        
      1100   -0.101   -0.080   -0.136   -0.107     2.68                        
      1102   -0.102   -0.081   -0.136   -0.107     2.70                        
      1103   -0.101   -0.081   -0.136   -0.107     2.69                        
      1104   -0.101   -0.081   -0.136   -0.107     2.73                        
      1105   -0.101   -0.080   -0.135   -0.107     2.69                        
      1106   -0.101   -0.081   -0.138   -0.109     2.76                  +3.76%
      1107   -0.103   -0.082   -0.138   -0.109     2.77                        
      1108   -0.103   -0.082   -0.138   -0.109     2.77                        
      1112   -0.103   -0.082   -0.138   -0.110     2.77                        
      1113   -0.102   -0.082   -0.138   -0.110     2.77                        
      1114   -0.103   -0.083   -0.140   -0.110     2.82                        
      1115   -0.103   -0.082   -0.139   -0.110     2.79                        
      1116   -0.104   -0.083   -0.140   -0.110     2.80                        
      1117   -0.104   -0.083   -0.141   -0.110     2.85                        
      1118   -0.104   -0.083   -0.140   -0.111     2.84                        
      1119   -0.104   -0.083   -0.140   -0.111     2.84                  +2.90%
      1120   -0.101   -0.080   -0.137   -0.108     2.85                        
      1121   -0.102   -0.081   -0.138   -0.109     2.88                        
      1122   -0.103   -0.082   -0.139   -0.111     2.92                        
      1123   -0.102   -0.081   -0.139   -0.110     2.91                        
      1124   -0.103   -0.082   -0.139   -0.110     2.94                        
      1125   -0.103   -0.082   -0.140   -0.111     2.96                        
      1126   -0.102   -0.082   -0.139   -0.110     2.95                        
      1127   -0.102   -0.081   -0.139   -0.110     2.93                        
      1128   -0.103   -0.081   -0.140   -0.111     2.95                        
      1129   -0.103   -0.082   -0.140   -0.111     2.99                  +5.28%
      1130   -0.105   -0.084   -0.143   -0.112     3.04                        
      1133   -0.107   -0.085   -0.145   -0.114     3.00                        
      1134   -0.106   -0.085   -0.144   -0.114     3.03                        
      1135   -0.106   -0.085   -0.145   -0.114     3.07                        
      1136   -0.107   -0.086   -0.146   -0.115     3.02                        
      1137   -0.107   -0.086   -0.146   -0.115     3.05                        
      1138   -0.107   -0.086   -0.146   -0.115     3.05                        
      1139   -0.107   -0.086   -0.146   -0.115     3.04                        
      1140   -0.108   -0.087   -0.147   -0.116     3.06                        
      1141   -0.108   -0.087   -0.147   -0.116     3.06                  +2.34%
      1142   -0.106   -0.085   -0.145   -0.114     2.99                        
      1143   -0.106   -0.085   -0.145   -0.114     2.99                        
      1144   -0.107   -0.086   -0.146   -0.115     3.04                        
      1145   -0.107   -0.086   -0.146   -0.114     3.06                        
      1146   -0.107   -0.086   -0.146   -0.115     3.08                        
      1147   -0.107   -0.085   -0.146   -0.114     3.08                        
      1148   -0.107   -0.085   -0.146   -0.114     3.08                        
      1149   -0.105   -0.085   -0.144   -0.113     3.04                        
      1150   -0.105   -0.084   -0.145   -0.113     3.06                        
      1151   -0.105   -0.084   -0.145   -0.113     3.10                  +1.31%
      1159    0.110    0.090    0.151    0.117     3.09                        
      1160    0.112    0.092    0.151    0.118     3.13                        
      1161    0.112    0.092    0.151    0.118     3.13                        
      1162    0.108    0.088    0.149    0.117     3.10                        
      1163    0.110    0.090    0.150    0.118     3.14                        
      1164    0.110    0.090    0.150    0.118     3.14                        
      1165    0.112    0.092    0.152    0.119     3.18                        
      1166    0.112    0.092    0.152    0.119     3.18                        
      1167    0.113    0.095    0.155    0.120     3.25                        
      1168    0.110    0.093    0.152    0.118     3.20                  +3.23%
      1169    0.111    0.094    0.156    0.118     3.23                        
      1170    0.112    0.094    0.155    0.119     3.26                        
      1171    0.112    0.095    0.155    0.114     3.01      -7.67%            
      1172    0.112    0.096    0.155    0.119     3.00                        
      1173    0.113    0.097    0.154    0.120     3.04                        
      1174    0.112    0.096    0.156    0.120     3.05                        
      1175    0.114    0.101    0.158    0.121     3.09                        
      1176    0.114    0.101    0.158    0.121     3.09                        
      1177    0.114    0.101    0.158    0.120     3.08                        
      1178    0.114    0.101    0.159    0.120     3.07                  -4.06%
