0 4.84991 2276.12 -19.1687 -233.032
1 22.8492 2304.28 -0.245994 -14.0891
2 -114.702 2300.8 0.338876 -97.4316
3 5.45546 2285.47 61.1204 835.81
4 -26984.1 2302.32 0.473053 -31996.9
5 -0.385416 2235.41 26.5293 -25.6298
6 -30.333 2556.54 30.5344 -2321.64
7 -1121.8 2394.29 26.2832 -73906.4
8 -212.644 1975.28 46.3439 -24702.2
9 11.0676 2475 4.44445 123.299
10 -31.3172 551.303 1203.59 -94482.1
11 -1.14262 2220.47 79.5309 -227.786
12 3.72734 2276.15 -30.6972 -286.805
13 38 2304 0.511946 48.7638
14 4.02216 2267.11 41.3659 417.053
15 31.3142 2304.42 -0.28151 -22.0965
