0 9541.79 106.771 1643.49 0.826633
1 9509.16 105.093 1180.71 0.950618
2 9506.82 109.492 894.723 1.07458
3 9593.12 108.433 668.368 1.2179
4 9512.1 104.078 488.427 1.36746
5 9557.86 104.466 373.67 1.54496
6 9598.06 104.794 265.927 1.92335
7 9549.29 102.707 194.402 2.11768
8 9705.81 102.626 137.028 2.69018
9 9703.98 110.047 131.144 65.4185
10 9692.68 105.514 66.5846 3.88379
11 9638.67 101.849 45.6203 4.83018
12 9620.01 108.645 36.9216 14.4493
13 9703.59 99.5034 41.4939 6.70084
14 9770.71 123.688 28.0364 25.1909
15 9682.86 42.2354 14.1572 6.96306
16 9275.48 109.788 1105.67 1.00315
17 9405.41 113.391 804.756 1.36245
18 9405.26 112.009 574.55 1.65207
19 9511.72 114.465 427.506 1.88045
20 9396.17 109.198 326.89 2.13304
21 9446.56 112.664 224.155 2.77198
22 9488.37 114.903 183.008 2.70898
23 9392.08 118.787 258.43 3.24507
24 9607.62 121.047 84.6523 5.12812
25 9634.87 116.962 58.1187 4.91322
26 9632.51 98.9632 28.5945 10.0434
27 9624.01 119.045 49.4108 7.93527
28 9510.66 121.371 36.858 9.37474
29 9611.44 115.98 21.7586 19.5661
30 9612.41 111.68 15.107 32.0881
31 9543.43 117.503 18.2034 25.4395
32 9640.37 84.4543 7.37268 28.571
33 9785.03 128.608 21.5795 13.8421
34 9656.88 140.387 34.486 34.6871
35 9543.8 -0.084817 246.608 0
36 9760.13 167.744 18.3779 4.80066
37 9609.47 96.0572 20.5997 7.16594
38 9619.86 122.955 37.9851 7.55268
39 9558.74 120.864 54.5899 7.11244
40 9623.08 124.707 75.5818 5.17954
41 9501.98 124.289 110.917 4.35755
42 9658.33 119.214 138.885 3.91638
43 9647.24 127.988 221.253 2.82678
44 9536.73 129.25 305.208 2.72367
45 9434.79 131.626 399.567 2.42881
46 9596.17 134.581 501.797 2.43311
47 9503.07 140.122 643.205 2.93546
48 9788.11 129.712 26.9631 10.9651
49 5246.89 -214.044 2088.77 0
50 6682.47 108.846 2088.77 0
51 9715.07 1.15298 192.074 0.0973344
52 5261.16 -554.013 2088.77 2
53 9642.85 -0.0487409 4.6281e+11 0.0449491
54 9666.22 115.771 68.9139 3.96362
55 9637.83 113.888 92.744 3.47894
56 9685.92 -188.656 1200.39 1.00742
57 9627.03 0.260122 560.247 1.00269
58 9646.19 115.299 232.165 2.42322
59 9573.37 113.189 311.987 2.03777
60 9594.82 117.432 429.09 1.79554
61 9486.74 113.426 577.657 1.53398
62 9531.21 112.719 754.496 1.3695
63 9366.37 109.981 1071.82 1.12763
