0 7250.76 120.606 1596.32 2.04739
1 7210.82 107.948 1608.59 1.31592
2 7200.21 101.492 2019 0.878423
3 7276.72 87.0365 2481.71 0.887977
4 7389.81 83.4673 3010.16 0.668874
5 7385.43 89.2038 3049.77 0.712654
6 7361.42 97.1577 2947.74 0.647519
7 7385.19 100.679 3075.4 1.31997
8 7445.49 100.85 3520.09 0.693773
9 7321 90.3894 4648.66 0.563268
10 7364.67 86.7433 6013.21 0.373479
11 7296.91 79.1264 5930.51 0.362435
12 7218.03 80.6606 5049.32 0.394451
13 7202.71 90.0131 3284.51 0.543465
14 7183.61 98.566 2103.95 0.802538
15 7189.16 119.404 1781.38 1.09478
