0 38 2304 57 5429.36
1 38 2304 57 5429.36
2 38 2304 57 5429.36
3 38 2304 57 5429.36
4 38 2304 57 5429.36
5 38 2304 57 5429.36
6 38 2304 57 5429.36
7 38 2304 57 5429.36
8 38 2304 57 5429.36
9 38 2304 57 5429.36
10 38 2304 57 5429.36
11 38 2304 57 5429.36
12 38 2304 57 5429.36
13 38 2304 57 5429.36
14 38 2304 57 5429.36
15 38 2304 57 5429.36
16 38 2304 57 5429.36
17 38 2304 57 5429.36
18 38 2304 57 5429.36
19 38 2304 57 5429.36
20 38 2304 57 5429.36
21 38 2304 57 5429.36
22 38 2304 57 5429.36
23 38 2304 57 5429.36
24 38 2304 57 5429.36
25 38 2304 57 5429.36
26 38 2304 57 5429.36
27 38 2304 57 5429.36
28 38 2304 57 5429.36
29 38 2304 57 5429.36
30 38 2304 57 5429.36
31 38 2304 57 5429.36
32 38 2304 57 5429.36
33 38 2304 57 5429.36
34 38 2304 57 5429.36
35 38 2304 57 5429.36
36 38 2304 57 5429.36
37 38 2304 57 5429.36
38 38 2304 57 5429.36
39 38 2304 57 5429.36
40 38 2304 57 5429.36
41 38 2304 57 5429.36
42 38 2304 57 5429.36
43 38 2304 57 5429.36
44 38 2304 57 5429.36
45 38 2304 57 5429.36
46 38 2304 57 5429.36
47 38 2304 57 5429.36
48 38 2304 57 5429.36
49 38 2304 57 5429.36
50 38 2304 57 5429.36
51 38 2304 57 5429.36
52 38 2304 57 5429.36
53 38 2304 57 5429.36
54 38 2304 57 5429.36
55 38 2304 57 5429.36
56 38 2304 57 5429.36
57 38 2304 57 5429.36
58 38 2304 57 5429.36
59 38 2304 57 5429.36
60 38 2304 57 5429.36
61 38 2304 57 5429.36
62 38 2304 57 5429.36
63 38 2304 57 5429.36
