0 14817.2 204.522 2876.57 0.561113
1 14761.1 201.531 2013.11 0.686602
2 14761.5 203.524 1464.94 0.792085
3 14883.1 205.953 1073.27 0.941427
4 14763.4 206.389 821.465 1.08171
5 14832.2 205.316 641.546 1.17416
6 14898.2 204.442 493.252 1.47281
7 14808.3 203.05 399.703 1.62893
8 15068 207.758 307.167 1.87674
9 15060.1 208.397 244.58 1.99387
10 15037.5 205.201 189.472 2.49193
11 14955.2 180.119 132.76 2.64456
12 14942.4 209.98 113.872 3.13218
13 15048.4 185.275 75.116 3.02626
14 15197.8 205.173 55.0384 3.95903
15 15075 -197.295 39.7185 5.02365
16 14426.5 206.827 1693.47 0.817157
17 14625 209.55 1213.92 0.968068
18 14635.1 211.217 906.423 1.11672
19 14785.6 211.99 698.8 1.27639
20 14622.5 210.978 543.207 1.47204
21 14695.5 215.883 422.467 1.68349
22 14758.1 215.809 331.827 1.917
23 14594.2 214.905 267.4 2.17463
24 14947.5 221.654 201.49 2.61847
25 15001.3 223.161 157.482 2.97366
26 15039 222.684 121.193 3.05847
27 14960.5 220.642 94.1932 3.73837
28 14820.3 228.294 71.661 4.25676
29 14949.9 224.892 47.7705 5.5711
30 15003.4 214.787 29.2814 8.47527
31 14950.7 224.776 41.0954 9.59569
32 15192.1 240.961 19.9763 11.8816
33 15321.8 251.656 14.7176 13.6327
34 15092.0 233.278 49.1030 8.78131
35 14933 243.794 33.399 10.9099
36 15153.9 238.244 44.4378 7.87690
37 15047.5 238.374 61.9581 6.55495
38 15064.0 236.703 82.5317 5.61748
39 14970.8 213.464 89.7161 4.0845
40 15049.6 217.151 113.875 4.56952
41 14868.4 229.172 156.463 3.67336
42 15109.8 226.762 196.151 2.37435
43 15087.1 244.977 270.788 3.15615
44 14895.3 227.544 298.702 3.19166
45 14738.4 234.319 421.699 2.75661
46 14993 252.821 525.006 3.21886
47 14840 252.409 604.743 1.84309
48 15327.5 212.218 19.5265 8.57276
49 15299 198.567 29.7384 7.5112
50 15337.9 222.166 42.2219 6.87564
51 15238.9 237.987 55.8474 5.61552
52 15338.7 223.714 71.0764 5.78337
53 15279.8 221.636 92.4745 4.66551
54 15073.6 214.083 117.601 3.6856
55 15059.6 222.028 155.406 4.06691
56 15287.7 215.081 181.992 2.58141
57 15233.7 212.473 223.958 2.0570
58 15062.3 209.366 292.725 1.94465
59 14948.7 205.688 371.009 1.7952
60 14968.8 201.257 459.037 1.69717
61 14803.2 196.233 603.08 1.41009
62 14860.4 189.217 770.951 1.26977
63 14608.8 201.99 1237.29 1.34036
