0 14818.4 207.565 691.842 1.15212
1 14760.6 209.547 487.15 1.42288
2 14746.7 184.84 322.902 1.60877
3 14872.4 187.607 238.19 1.87327
4 14765.2 207.06 203.31 2.13803
5 14820.1 187.165 141.448 2.48659
6 14885.8 191.822 107.659 2.86559
7 14795.4 188.036 87.0491 3.13061
8 15057.2 189.415 70.7268 3.34892
9 15062.7 207.413 58.5427 3.89477
10 15056.7 208.315 45.3585 3.55481
11 14952.9 183.582 33.555 7299.97
12 14944.1 197.573 25.1733 5.11139
13 15056.7 181.261 17.8627 0
14 15209.8 188.423 10.7715 8.06837
15 17682.7 -2546.26 45.3789 118.912
16 12095.5 82.7408 541.001 0
17 14622.1 213.316 296.1 2.10567
18 14616.4 190.76 197.005 2.16595
19 14766.7 196.198 157.42 2.38008
20 14624.1 212.035 136.22 2.91423
21 14698.8 222.566 102.15 3.53827
22 14750.5 197.19 74.7754 3.52034
23 14580.1 194.284 58.8166 3.99423
24 14952.2 215.263 49.234 5.35205
25 15005.1 216.548 38.2138 5.53078
26 15065.5 224.23 27.5031 3.27989
27 14947.8 200.31 21.7602 6.77782
28 14831.8 190.461 16.2971 6.22874
29 14875.2 -0.92649 242.438 0.123217
30 22989.5 -9436.61 227.303 0
31 17827.6 3575.12 27.092 202.84
32 26952.7 -3681.37 -136.699 1421.92
33 15325.6 -157.353 2.04262 18014.7
34 16816 -1891.83 10.8609 218.273
35 14879.9 0.810086 516.934 0.136526
36 15175.2 221.003 9.21861 9.46218
37 15067.7 222.703 13.2093 6.92242
38 14894.9 -0.824246 251.709 0.373176
39 14978.7 215.319 23.8456 5.77337
40 15060.2 237.305 32.8228 9.81648
41 14866.6 228.317 40.4355 6.46957
42 15151 263.967 50.5089 4.98177
43 15079.4 240.595 66.2064 9.79333
44 14890.7 227.982 72.6391 5.07674
45 14743 230.689 96.3417 4.02552
46 14991.5 238.604 119.508 3.72389
47 14834.4 249.186 151.34 4.57148
48 14734.5 0.287919 871.182 0
49 15355.5 -0.197392 -84.3562 0
50 15374.2 219.406 8.33925 0
51 15265 0.734627 5177.85 6815.05
52 15380.7 232.738 15.7928 6.85611
53 15319.2 232.595 23.456 5.57319
54 14879.2 -0.648908 156.879 1.25409
55 15067.1 218.461 38.1682 5.22296
56 15870.1 -0.582008 21550.1 0.354756
57 18035.7 -6834.91 764.395 377.205
58 8490.22 12015.5 1545.72 247.329
59 14953.1 214.858 91.7533 3.66599
60 14973.4 206.361 111.932 3.3178
61 14807.8 216.694 167.755 4.66761
62 14864.6 196.786 200.461 2.29231
63 14607.1 191.394 275.53 1.92789
