0 10 5100 60 1503.98
1 10 5100 60 1503.98
2 10 5100 60 1503.98
3 10 5100 60 1503.98
4 10 5100 60 1503.98
5 10 5100 60 1503.98
6 10 5100 60 1503.98
7 10 5100 60 1503.98
8 10 5100 60 1503.98
9 10 5100 60 1503.98
10 10 5100 60 1503.98
11 10 5100 60 1503.98
12 10 5100 60 1503.98
13 10 5100 60 1503.98
14 10 5100 60 1503.98
15 10 5100 60 1503.98
16 10 5100 60 1503.98
17 10 5100 60 1503.98
18 10 5100 60 1503.98
19 10 5100 60 1503.98
20 10 5100 60 1503.98
21 10 5100 60 1503.98
22 10 5100 60 1503.98
23 10 5100 60 1503.98
24 10 5100 60 1503.98
25 10 5100 60 1503.98
26 10 5100 60 1503.98
27 10 5100 60 1503.98
28 10 5100 60 1503.98
29 10 5100 60 1503.98
30 10 5100 60 1503.98
31 10 5100 60 1503.98
32 10 5100 60 1503.98
33 10 5100 60 1503.98
34 10 5100 60 1503.98
35 10 5100 60 1503.98
36 10 5100 60 1503.98
37 10 5100 60 1503.98
38 10 5100 60 1503.98
39 10 5100 60 1503.98
40 10 5100 60 1503.98
41 10 5100 60 1503.98
42 10 5100 60 1503.98
43 10 5100 60 1503.98
44 10 5100 60 1503.98
45 10 5100 60 1503.98
46 10 5100 60 1503.98
47 10 5100 60 1503.98
48 10 5100 60 1503.98
49 10 5100 60 1503.98
50 10 5100 60 1503.98
51 10 5100 60 1503.98
52 10 5100 60 1503.98
53 10 5100 60 1503.98
54 10 5100 60 1503.98
55 10 5100 60 1503.98
56 10 5100 60 1503.98
57 10 5100 60 1503.98
58 10 5100 60 1503.98
59 10 5100 60 1503.98
60 10 5100 60 1503.98
61 10 5100 60 1503.98
62 10 5100 60 1503.98
63 10 5100 60 1503.98
