0 9203.74 109.214 1137.5 1.19967
1 9167.35 104.733 800.073 1.30568
2 9164.21 104.69 585.988 1.61922
3 9244.72 106.385 454.689 1.7706
4 9175.46 104.462 338.742 1.99874
5 9220.42 110.075 279.298 2.66913
6 9263.06 107.575 179.482 2.43698
7 9214.47 105.687 128.471 2.64426
8 9371.47 101.89 84.5635 3.52612
9 9361.64 101.801 53.9967 4.75954
10 9353.83 112.237 45.8271 11.576
11 9318.18 115.794 32.7567 19.1368
12 9279.14 82.9032 18.2351 6.98741
13 9354.52 101.921 11.0215 18.2009
14 9505.07 212.884 9.67887 36.4557
15 9412.15 128.739 9.97820 9.68722
16 8934.6 102.337 1210.48 1.20955
17 9059.62 104.501 863.38 1.51029
18 9067.78 106.22 641.294 1.69557
19 9158.57 104.443 448.874 2.0583
20 9056.77 104.59 340.914 2.4185
21 9100.58 105.899 251.897 2.94178
22 9132.19 102.873 175.745 3.84624
23 9038.47 106.712 127.426 5.48512
24 9244.16 99.527 70.3886 4.92034
25 9297.5 118.315 66.2319 4.98003
26 9286.07 97.1274 36.9629 6.94546
27 9249.19 91.9036 30.3943 6.65129
28 9194.81 115.641 23.1208 12.8683
29 9298.15 128.600 14.6041 10.5997
30 9282.34 106.912 12.2712 15.7144
31 9261.52 53.6393 7.64745 11.5938
32 9335.63 103.444 4.99843 24.3154
33 9440.72 112.381 4.42968 11.1889
34 9298.63 122.426 21.3342 13.8823
35 9150.31 86.8944 12.4711 11.1859
36 9356.61 121.255 24.4044 8.33196
37 9263.91 115.446 35.5202 12.0692
38 9260.83 108.692 45.0405 6.24125
39 9202.61 110.28 59.0932 5.34624
40 9254.49 113.896 89.7175 4.58925
41 9142 111.79 131.617 4.14699
42 9298.32 111.015 166.639 4.03652
43 9280.8 115.574 260.879 3.67869
44 9171.06 116.929 354.12 2.32568
45 9069.59 115.436 445.952 3.09874
46 9220.51 118.907 608.405 2.44417
47 9127.02 117.552 741.288 2.58424
48 9485.08 93.4889 13.4288 14.2130
49 9460.38 123.969 12.0427 18.3738
50 9483.84 119.716 18.7800 8.89189
51 9432.29 130.719 12.9260 6.58374
52 9441.53 94.8959 16.8771 13.0098
53 9449.13 129.769 31.5781 5.35204
54 9298.87 114.926 41.4424 7.03534
55 9312.79 129.852 69.9154 4.38742
56 9442.40 122.466 88.9981 4.86572
57 9410.23 120.504 127.085 3.41697
58 9292.41 113.133 152.2 3.71988
59 9226.92 114.469 223.838 4.83171
60 9248.66 120.621 336.07 4.57118
61 9143.67 118.891 448.933 2.69977
62 9181.12 113.447 555.685 2.17658
63 9026.67 110.81 768.548 1.72488
