0 9507.5 113.082 1975.5 0.833587
1 9472 111.094 1377.34 0.978045
2 9474.83 111.543 1027.81 1.10137
3 9552.93 114.849 794.637 1.39012
4 9480.34 113.848 600.067 1.44671
5 9520.42 108.018 421.705 1.72507
6 9569.27 110.901 309.651 1.95693
7 9511.74 103.48 209.393 2.30909
8 9689.6 120.471 195.034 4.38271
9 9676.87 113.821 135.152 6.50671
10 9665.14 113.442 80.0021 3.188
11 9625.14 120.878 64.7748 10.7604
12 9594.91 107.532 33.7184 5.92841
13 8281.79 -138.119 828.432 1.99998
14 9546.38 -0.10824 2088.77 0
15 9798.6 -128.839 86.9338 7.22871
16 9302.02 161.506 1366.55 0
17 9360.34 112.123 886.895 1.4735
18 9367.52 110.432 636.945 1.64781
19 9462.9 111.61 453.45 2.01705
20 9390.56 130.42 369.87 1.34816
21 9465.92 -158.67 292.126 0.905843
22 9441.94 112.061 177.447 3.51797
23 9633.32 -3208.51 2659.03 1.80605
24 9548.79 107.798 81.9993 5.2409
25 9596.99 117.711 62.4016 6.88999
26 9630 116.931 44.6735 7.46655
27 9587.7 127.246 33.9334 13.4002
28 9507.43 -0.0101401 645.336 1.09373
29 9540.62 100.721 10.8515 19.7986
30 9571.65 -0.0792687 673.146 0
31 11828.1 165.003 21898.1 10.2338
32 6682.47 109.774 2088.77 0
33 6462.17 108.846 2088.77 0.192437
34 9593.07 0.252085 146.88 0
35 9520.8 -0.450366 595.699 0.00223894
36 9633.81 121.323 24.7792 17.8337
37 9550.63 102.382 23.6058 9.82702
38 9568.87 121.663 48.8902 8.65622
39 9515.5 126.766 86.3379 12.8878
40 9573.6 135.305 108.081 5.47618
41 9457.73 124.321 158.204 3.90376
42 9617.12 127.393 214.403 3.49891
43 9596.14 127.128 298.501 3.34789
44 9480.41 122.446 401.492 2.62777
45 9380.93 124.214 520.07 2.74396
46 9537.23 125.742 645.66 2.74114
47 9448.54 131.481 831.781 2.78546
48 4655.62 105.055 2088.77 0
49 9725.93 -0.602078 379.95 1.06287
50 9797.24 -0.0285693 469.889 0
51 9756.18 152.212 33.8933 1.17474e+06
52 9546.37 0.118256 2088.77 0
53 9824.95 1.2016 690.416 0.0520523
54 9622.76 127.315 100.594 3.91744
55 9603.78 118.729 128.577 3.63306
56 9625.02 1.249 800.921 0.046709
57 9719.28 126.702 263.148 3.1991
58 9609.13 126.607 374.989 2.5423
59 9536.13 123.223 474.893 2.00413
60 9547.71 119.859 610.705 1.79665
61 9447.13 122.438 877.994 1.6005
62 9487.38 120.638 1150.22 1.26255
63 9326.67 118.72 1624.83 1.06683
