0 5173.45 234.525 1155.18 1.14619
1 5113.43 209.797 1227.38 1.73356
2 5022.99 197.583 1071.29 5.15979
3 5082.78 209.615 1042.22 7.81867
4 5367.87 126.985 1230.47 2.57235
5 5368.11 127.721 1142.47 2.2842
6 5101.91 221.293 992.459 9.38758
7 5148.74 233.919 890.817 8.75723
8 5413.78 168.71 1061.68 5.21455
9 5218.89 180.275 2109.77 3.24104
10 5191.88 187.462 3007.57 1.6167
11 5141.14 165.15 3513.31 0.610955
12 5119.43 173.584 3335 0.66425
13 5062.82 189.042 2580.08 0.686771
14 5058.17 199.412 1672.11 0.873417
15 4030.5 1293.85 1323.58 96.1903
