0 581.009 11.4815 9540.25 1.55775 103.546 1.67585 294.914 10.5356 9673.93 4.83385 203.038 2.65946 -10.0707 9.98761 0.0038435 0.00109154 150802
1 418.219 9.1401 9508.61 1.73677 103.958 1.9011 196.852 8.23338 9645.13 5.91895 203.586 2.99113 9.63426 7.14287 0.000682977 0.000769861 108981
2 329.535 7.2635 9509.23 1.85783 108.85 2.06446 115.343 6.34673 9658.55 8.92204 215.1 4.39601 11.0795 6.38052 4.15878e-05 0.000686078 89912.8
3 231.556 6.17096 9593.61 2.25736 101.475 2.29758 98.2929 5.51206 9724.28 7.33811 206.665 4.70741 -9.32845 5.79529 0.00182604 0.000634313 58898.3
4 170.315 5.15473 9510.88 2.51848 98.2562 2.66526 74.1923 4.5885 9639.41 8.01092 207.665 5.21259 -2.59294 4.81558 0.000910193 0.000528759 41947.3
5 137.299 3.95291 9562.36 2.70851 104.192 2.73546 44.8889 3.32976 9706.79 11.1132 221.918 7.73315 9.08541 4.2978 -0.000586656 0.00047329 35858.3
6 97.0417 3.75929 9596.02 3.13377 97.6267 3.3297 40.0951 3.10575 9735.23 11.7351 199.937 6.03407 -0.859901 3.18949 0.000422224 0.000341942 23747.5
7 72.3928 3.31486 9548.51 3.58559 103.82 4.3694 23.209 2.63618 9715.54 22.7075 208.742 10.2486 2.23677 3.28865 4.77014e-05 0.000356449 18839.3
8 311.616 0 9672.02 0 -1.65074 0 -38.334 0 9593.13 0 0.14992 0 -14.4475 0 0.00193164 0 -1289.4
9 73.6924 907.461 9600.66 5.54018 -1.04382 0.87652 42.5817 1.22116 9748.01 3.57978 -134.944 3.22042 -5.47346 0.53139 0.000786985 5.49959e-05 -192.814
10 30.7026 1.10753 9723.38 4.08166 -124.676 3.87895 327.319 1.93993 -230572 2035.12 -286615 2437.79 -239.921 1.36898 0.00119006 0.000117957 -9595.09
11 17.0387 2.746 9619.21 9.77001 90.9512 7.084 8.05873 1.61492 9803.36 42.2987 145.427 21.6327 1.96195 2.03025 -4.65926e-05 0.000212761 3884.5
12 13.1993 0 9656.67 0 123.441 0 828.432 0 9704.94 0 -0.00321161 0 -0.306887 0 0.000180014 0 4084.15
13 2088.77 0 6682.47 0 108.846 0 609.982 0 9714.36 0 85.8815 0 -58.6423 0 -0.00600799 0 569893
14 2088.77 0 2397.79 0 111.763 0 3.04184 0 9832.03 0 -486.126 0 -0.673368 0 4.42075e-05 0 585167
15 2088.77 0 5100.86 0 44.6693 0 3.40991 0 9698.83 0 -774.186 0 0.38538 0 -0.000181761 0 233878
16 190.344 8.27817 9457.41 9.91076 -198.228 4.35987 395.372 11.4849 9270.49 1.91137 107.032 2.20842 -24.0803 8.09824 0.00464496 0.000911612 -94578.7
17 672.519 0 9450.15 0 -0.10853 0 332.824 0 9466.26 0 -155.759 0 -110.778 0 0.0135523 0 -182.955
18 1062.05 8585.42 9455.95 0.265165 -1.04733 1.03256 242.343 2.74926 9468.36 1.71203 -159.345 1.51567 -80.3358 4.74285 0.00984189 0.000523775 -2788.15
19 145.449 6.92712 9508.15 3.75584 111.839 3.80173 70.1996 5.62071 9693.81 15.8143 201.878 6.54102 -7.90067 4.56944 0.00147132 0.000496459 40775
20 135.938 1499.01 9466.69 1.33767 0.80149 2.04623 140.322 2.02818 9456.06 2.03448 -149.042 1.70666 -42.2877 0.78434 0.00522752 8.67316e-05 273.105
21 71.6669 4.68012 9448.71 5.12402 104.817 5.28117 47.9152 4.37051 9586.11 12.11 198.471 6.50742 -7.63918 3.76138 0.00114698 0.000420616 18829.5
22 69.5785 3.7595 9486.92 4.79963 108.291 3.77061 23.7692 2.51638 9709.51 24.9964 185.232 11.1943 1.85833 2.9385 7.34774e-05 0.00031852 18886.9
23 52.1765 1.24957 9444.49 3.54871 149.371 2.96342 88.1072 3.35586 12433.4 248.145 -5924.86 691.346 -27.8509 11.731 -0.00496045 0.000849698 19535.8
24 35.1218 1.4313e-06 9662.55 6.63772e-06 148.934 4.29238e-06 -125.927 551093 9788.94 2.1897e-07 -0.00863477 6.88448e-08 -13.2614 2.09526e-07 0.00162614 2.22902e-11 13111.7
25 23.5893 3.41811 9642.97 19.4809 115.127 8.8196 6.80934 1.76481 9919.01 93.5322 -152.239 54.2261 -0.791446 2.86394 0.000248557 0.000308456 6807.4
26 856.484 3.19884 9603.73 0.144017 -0.241017 0.0535502 15.3418 0.708521 9706.83 0.164307 136.566 4.89018 -1.61669 1.88419 0.000341497 0.000196422 -517.436
27 778.197 22.7229 9581.45 0.0106656 -0.450797 1.00472 10.4554 0.556729 9665.14 2.08687 -147.375 6.3698 -1.79564 1.7785 0.000343028 0.000187321 -879.347
28 647.108 0.399651 9487.04 0.0557551 -0.0137441 4.74952e-05 16212.6 204.235 11828.9 13.2854 222.765 4.03809 2.41831 1.98162 -2.89795e-05 0.000206079 -22.2938
29 2088.77 0 6682.47 0 108.845 0 93.2502 0 9669.88 0 -4428.28 0 -89.02 0 -0.000210674 0 569886
30 2088.77 0 6682.47 0 108.846 0 1.61448 0 9698.95 0 139.432 0 2.89846 0 -0.000180429 0 569893
31 -4152.83 2 9157.5 1.99973 97.6654 1.99465 1431.1 2 9989.16 2 147.435 2 1.26504 1.4174 -1.70893e-05 0.000179233 -1.01666e+06
32 2088.77 1.41421 9546.38 1.41421 90.9051 6.17915e+06 -12577.3 31106.5 9431.8 359.922 152.933 142.649 1.46538 2.2819 -4.87547e-05 0.000295679 475958
33 2088.77 0 6682.47 0 108.846 0 -1.63975 0 9094.35 0 361.433 0 13.5972 0 -0.00120392 0 569893
34 2088.77 0 6682.47 0 108.846 0 286.36 0 9697.51 0 0.459 0 2.35177 0 -8.09926e-05 0 569893
35 2088.77 0 2361.12 0 108.846 0 335.676 0 6147.3 0 -174.388 0 -2.43286 0 0.00043818 0 569893
36 2088.77 1.41421 2784.61 83.5665 108.846 1.41421 4.80734 0.402053 9761.89 14.6981 -167.919 15.2909 -0.457964 2.11579 0.000167305 0.000219468 569893
37 724.207 0 9587.86 0 0.104563 0 9.79506 0 9647.44 0 -139.163 0 -1.78733 0 0.000330097 0 189.816
38 5.18549 1.81792 9524.28 17.0229 59.7497 21.1948 13.0592 1.14886 9688.24 18.0646 -141.929 9.91233 -2.38432 1.89997 0.000394491 0.000196988 776.633
39 20.4685 149428 9607.5 149428 155.715 149428 4059.84 1 9745.84 149428 0.224791 149428 -4.50022 149428 0.000649016 149428 7989.28
40 24.0166 4.72074 9628.41 11.7776 120.227 13.3923 12.386 4.42964 9761.46 47.2938 -198.434 16.8571 0.697376 2.37428 7.92433e-05 0.000253583 7237.77
41 47.7069 1.1974 9531.47 7.76371 141.16 5.34684 8.34718 1.17371 9861.74 27.8984 92.5615 22.5633 -1.51864 2.40689 0.000365931 0.000259072 16880.4
42 61.1384 1.3088 9717.46 3.11075 169.798 2.91225 -1505.95 23.4507 9803.93 0.122963 0.968358 0.0406177 -5.10462 2.2271 0.000779583 0.000230587 26021.8
43 88.7765 1.58562 9693.92 2.48648 164.628 2.36029 -192.786 746.435 9797.92 0.347181 -1.19859 0.742584 -5.60701 2.51267 0.000909945 0.000260056 36634.5
44 105.616 6.90617 9538.24 4.3406 126.196 5.07068 35.5549 5.53575 9718.92 32.4437 216.062 11.891 4.33437 3.92282 -0.000104585 0.000424283 33409.3
45 138.971 11.0517 9430.14 4.97304 130.681 5.00648 51.1434 8.8379 9612.66 33.4478 205.422 11.0283 10.8803 4.14684 -0.000721499 0.00045554 45522.4
46 200.201 14.2144 9602.89 3.93854 135.278 3.82213 55.5524 9.21084 9822.86 43.923 208.622 17.2017 21.4819 5.96109 -0.00163118 0.000653507 67886.5
47 15.906 3.23771 8845.78 15.3307 142.445 14.6471 284.651 2.70103 9557.37 1.54742 183.485 2.10527 -111.814 22.1277 0.0122799 0.00216027 5679.38
48 -19.3435 4.31636 6846.83 409.581 1570.48 137.365 733.772 3809.12 9775.84 2.79423 0.352384 0.667382 44.5198 0.264887 -0.00402325 2.61912e-05 -76147.7
49 2088.77 0 6682.47 0 108.846 0 44.1583 0 9851.87 0 -1.00463 0 -0.787469 0 0.000235524 0 569893
50 2088.77 0 5328.26 0 80.0331 0 6.17146 0 9894.63 0 -851.674 0 -4.49991 0 0.00010207 0 419035
51 2088.77 0 3596 0 115.323 0 3.65686 0 9817.09 0 -394.3 0 0.0280518 0 1.15256e-05 0 603806
52 3235.81 2 4903.73 2 -682.865 2 10.7003 0.555848 9869.1 1.91528 -114.682 1.89318 -2.63767 1.38423 0.00043293 0.000141054 -5.5387e+06
53 2088.77 1.41421 3117.27 33.9539 108.846 1.41421 17.5003 0.76599 9818.58 5.78949 -137.706 5.07364 -6.61419 1.92985 0.00084491 0.000198385 569893
54 26.8307 1.61784 9675.13 6.8606 122.989 6.76442 4.11765 0.935224 9956.02 89.7948 -235.926 50.5952 1.39851 4.83378 4.17957e-06 0.000528074 8271.59
55 34.8785 6.60175 9635.43 10.204 111.907 7.11253 12.5467 3.55261 9847.9 77.1905 -166.261 34.7274 -2.07308 2.57501 0.000416558 0.00027652 9783.74
56 -1.58161e+08 1.13015e+07 9545.22 0.0611626 -0.295578 1.39755e-05 54.8556 1.31358 9838.54 3.21 145.271 2.80996 -13.4023 2.25185 0.00163126 0.000233436 1.17182e+08
57 801.147 0 9626.48 0 0.06815 0 63.3857 0 9695.93 0 98.806 0 -33.68 0 0.00391614 0 136.857
58 92.1034 5.174 9646.27 4.05077 115.261 4.66133 30.3816 4.14977 9825.56 27.8555 205.864 11.8386 -2.97641 4.20989 0.000630023 0.000460028 26610.2
59 105.988 6.01674 9573.11 4.35328 110.609 4.62475 53.0995 5.85664 9703.4 13.3805 206.096 7.84363 -9.42454 5.30805 0.00142344 0.000590454 29385.8
60 149.208 6.62847 9592.28 3.54073 112.184 3.73337 67.4706 6.10309 9741.81 13.5008 203.97 6.51787 -11.0382 5.5196 0.00173262 0.000609382 41957.7
61 201.848 7.65532 9486.35 2.95484 108.581 3.10388 100.158 7.31317 9619.18 9.21979 201.402 4.58495 -7.43739 4.98017 0.00156775 0.000542006 54937.4
62 274.37 8.88176 9529.61 2.66392 110.559 2.7698 130.757 8.44941 9674.34 8.94197 205.909 4.47872 3.42627 6.63393 0.000689019 0.000727964 76036
63 362.107 10.0327 9362.9 2.17136 103.385 2.24283 212.06 9.50759 9495.68 5.71174 -199.216 3.11265 -9.20388 7.59647 0.00275496 0.000843815 93839.5
