0 30.3494 5256.43 340.446 25899.3
1 45.2883 5245.85 310.972 35301.9
2 64.4315 5255.66 301.473 48689.6
3 92.8999 5342.44 297.962 69385.2
4 111.787 5364.25 302.671 84811.2
5 97.1189 5369.69 299.761 72974.1
6 72.8157 5328.81 312.803 57093.4
7 59.8992 5379.22 327.745 49209.3
8 55.105 5409.99 329.852 45561.7
9 57.3499 5293.1 319.988 45999.8
10 64.0224 5286.99 327.478 52553.8
11 75.7773 5266.55 304.697 57875.8
12 66.6659 5254.1 313.116 52323.9
13 48.076 5188.91 321.172 38704
14 34.5557 5159.15 323.235 27998
15 28.8249 5174.91 346.988 25071
